navigation_filter_node:
    ros__parameters:
        Rate: 10
        Gains: [1.0, 1.0, 0.2, 0.2]
        ThrusterMapping:
            cX: [0.0, 0.0, 45.47]
            cN: [520.0, 0.0, 600.0]
            b1_pos: 0.000303
            b2_pos: 0.034
            b1_neg: 0.00014
            b2_neg: 0.055
            Inertia: [400.0, 400.0, 50.0]

