rate: 100;

ulisseModel:
{
    lambdaPos: 13.0;
    lambdaNeg: 9.1;
    motorsDistance: 0.7;
    cX: [0.0, 0.0, 33.97];
    cN: [270.0, 0.0, 236.0];
    b1Pos: 0.000303;
    b2Pos: 0.013;
    b1Neg: 0.000143;
    b2Neg: 0.021;
    inertia: [400.0, 400.0, 400.0];
};

modelErrorFactor: 0.9; #from 0.8 to 1.2

