rate: 100;

ulisseModel:
{
    lambdaPos: 13.0;
    lambdaNeg: 9.1;
    motorsDistance: 0.7;
    cX: [0.0, 0.0, 33.97];
    cN: [270.0, 0.0, 236.0];
    b1Pos: 0.000303;
    b2Pos: 0.013;
    b1Neg: 0.000143;
    b2Neg: 0.021;
    inertia: [400.0, 400.0, 400.0];
};

sensorsNoise:
{
    gps_stdd: [0.7, 0.7, 0.7];

    gyro_stdd: [0.017448782, 0.017448782, 0.017448782];

    gyro_bias:{
            bx:{
                  C: 0.08;
                  A: 0.001;
                  f: 0.001;
                };

            by:{
                  C: 0.08;
                  A: 0.001;
                  f: 0.001;
                };

            bz:{
                  C: 0.08;
                  A: 0.001;
                  f: 0.001;
                };
            };

    magnetometer_stdd: [0.1E-6, 0.1E-6,0.1E-6];

    compass_stdd: [0.017453501, 0.017453501, 0.011038433];

    accelerometer_stdd: [ 0.0980663043, 0.0980663043, 0.0980663043];
};

inertialF_waterCurrent: [0.0, 0.0];

modelErrorFactor: 0.9; #from 0.8 to 1.2

