rate: 100;

ulisseModel:
{
    lambdaPos: 13.0;
    lambdaNeg: 9.1;
    motorsDistance: 0.6925;
    cX: [0.0, 0.0, 34.22];
    cN: [268.8, 0.0, 270.1];
    cNneg: [-101.7, 0.0, 1103.0];
    b1Pos: 3.03E-4;
    b2Pos: 1.4E-2;
    b1Neg: 1.37E-4;
    b2Neg: 1.9E-2;
    inertia: [400.0, 400.0, 400.0];
    hullWidth: 0.4;
};

sensorsNoise:
{
    gps_stdd: [0.7, 0.7, 0.3]; #[m][0.7, 0.7, 0.3]

    gyro_stdd: [0.017448782, 0.017448782, 0.017448782]; #[rad/s]

    gyro_bias:{
            # b = C + A * sin(2 * PI * f * t)
            bx:{
                  C: 0.08;  #[rad/s]
                  A: 0.001; #[rad/s]
                  f: 0.001; #[hz]
                };

            by:{
                  C: 0.08;  #[rad/s]
                  A: 0.001; #[rad/s]
                  f: 0.001; #[hz]
                };

            bz:{
                  C: 0.08;  #[rad/s]
                  A: 0.001; #[rad/s]
                  f: 0.001; #[hz]
                };
            };

    magnetometer_stdd: [0.1E-6, 0.1E-6,0.1E-6]; #[T]

    compass_stdd: [0.017453501, 0.017453501, 0.011038433]; #[rad]

    accelerometer_stdd: [ 0.0980663043, 0.0980663043, 0.0980663043]; #[m/s^2]
};

wavesSimulator:{
        # b = C + A * sin(2 * PI * f * t)
        wx:{
              C: 0.001;  #[rad/s]
              A: 0.005; #[rad/s]
              f: 0.01; #[hz]
            };

        wy:{
              C: 0.002;  #[rad/s]
              A: 0.001; #[rad/s]
              f: 1.0; #[hz]
            };
};


inertialF_waterCurrent: [0.0, 0.0]; #[m/s]

modelErrorPercentage: 10.0; # % error

