rate: 100;

ulisseModel:
{
    lambdaPos: 13.0;
    lambdaNeg: 9.1;
    motorsDistance: 0.6925;
    cX: [0.0, 0.0, 58.0];
    cY: [0.0, 0.0, 120.0];
    cN: [470.0, 0.0, 392.5];
    cNneg: [-244.5, 0.0, 1211.0];
    b1Pos: 3.03E-4;
    b2Pos: 0.0;
    b1Neg: 1.46E-4;
    b2Neg: 3.0E-2;
    inertia: [400.0, 400.0, 400.0];
    hullWidth: 0.4;
};

bodyF_gps_position: [-0.49, 0.0, -1.0];

sensorsNoise:
{
    gps_stdd: [0.7, 0.7, 0.0]; #[m]

    gyro_stdd: [0.017448782, 0.017448782, 0.017448782]; #[rad/s]

    gyro_bias:{
            # b = C + A * sin(2 * PI * f * t)
            bx:{
                  C: 0.08;  #[rad/s]
                  A: 0.001; #[rad/s]
                  f: 0.001; #[hz]
                };

            by:{
                  C: 0.08;  #[rad/s]
                  A: 0.001; #[rad/s]
                  f: 0.001; #[hz]
                };

            bz:{
                  C: 0.08;  #[rad/s]
                  A: 0.001; #[rad/s]
                  f: 0.001; #[hz]
                };
            };

    magnetometer_stdd: [0.1E-6, 0.1E-6,0.1E-6]; #[T]

    compass_stdd: [0.017453501, 0.017453501, 0.011038433]; #[rad]

    accelerometer_stdd: [ 0.0980663043, 0.0980663043, 0.0980663043]; #[m/s^2]
};

wavesSimulator:{
        # b = C + A * sin(2 * PI * f * t)
        wx:{
              C: 0.0;  #[rad/s]
              A: 0.0; #[rad/s]
              f: 1.0; #[hz]
            };

        wy:{
              C: 0.0;  #[rad/s]
              A: 0.0; #[rad/s]
              f: 1.0; #[hz]
            };
};


inertialF_waterCurrent: [0.2, 0.2]; #[m/s]

modelErrorPercentage: 0.0; # % error

