rate: 100;

ulisseModel:
{
    lambdaPos: 13.0;
    lambdaNeg: 9.1;
    motorsDistance: 0.7;
    cX: [0.0, 0.0, 33.97];
    cN: [270.0, 0.0, 236.0];
    b1Pos: 0.000303;
    b2Pos: 0.013;
    b1Neg: 0.000143;
    b2Neg: 0.021;
    inertia: [400.0, 400.0, 400.0];
};

sensorsNoise:
{
    gps_stdd: [0.7, 0.7, 0.7]; #[m]

    gyro_stdd: [0.017448782, 0.017448782, 0.017448782]; #[rad/s]

    gyro_bias:{
            # b = C + A * sin(2 * PI * f * t)
            bx:{
                  C: 0.08;  #[rad/s]
                  A: 0.001; #[rad/s]
                  f: 0.001; #[hz]
                };

            by:{
                  C: 0.08;  #[rad/s]
                  A: 0.001; #[rad/s]
                  f: 0.001; #[hz]
                };

            bz:{
                  C: 0.08;  #[rad/s]
                  A: 0.001; #[rad/s]
                  f: 0.001; #[hz]
                };
            };

    magnetometer_stdd: [0.1E-6, 0.1E-6,0.1E-6]; #[T]

    compass_stdd: [0.017453501, 0.017453501, 0.011038433]; #[rad]

    accelerometer_stdd: [ 0.0980663043, 0.0980663043, 0.0980663043]; #[m/s^2]
};

inertialF_waterCurrent: [0.0, 0.0]; #[m/s]

modelErrorPercentage: 20.0; # % error

